6841
7965
4080
1739
6049
1599
5076
2226
8712
3215
7544
782
5630
3123
814
9839
1473
3752
5267
2564
6228
8956
5339
5711
9884
1798
7928
7285
7371
7709
7218
386
8143
4413
9207
1892
8134
7415
8713
7771
4118
765
7485
4345
9291
5726
732
3367
5043
4434
8673
6097
2955
1498
6986
195
1163
9487
5904
6195
687
919
9918
3489
8808
3250
6497
9512
6007
1274
5490
6629
8533
6415
1565
7355
7199
3979
6425
9149
214
2337
6912
9285
9879
8418
317
3669
6632
1495
1542
7215
1193
555
4502
9033
1098
7430
4020
1907
6176
8283
3360
402
8138
7029
7566
4653
1057
2933
2642
6361
8909
1640
7061
5448
2381
762
8919
626
3630
2064
6637
8669
4954
2565
8175
291
5685
3020
1056
3304
6807
5507
1115
3904
538
7300
7081
8389
2951
9358
4696
5433
5103
2523
4592
5793
2281
9562
8864
541
2373
8551
1630
1891
3043
1578
60
5377
1609
2452
6058
1084
7091
3328
5489
8002
9072
5050
4255
6658
6468
8998
7972
1257
2150
7690
3450
3429
667
3918
2386
9961
2874
7844
9575
2524
6906
26
5667
28
8953
7784
8181
487
3074
5329
7817
6290
5990
2229
7341
1371
8939
5734
8842
7209
5371
8822
7268
1701
5386
2192
7419
295
4103
2858
3535
7666
9831
2697
3242
6047
142
5924
2257
7324
2040
4828
9890
6022
1246
8709
6454
7147
2406
1362
5163
8066
9064
3095
6419
4833
1674
4155
2131
1852
2389
1259
6423
2496
2529
5988
2795
7842
9027
7158
8844
6730
5374
6726
4541
3317
1607
4665
7124
5349
5654
9084
5212
6921
1524
1010
8929
7311
4895
2010
1556
3056
9715
4697
3373
8153
3746
5150
7810
6531
4486
3503
1651
7376
3726
1576
9191
1044
7583
7013
1408
450
3046
9616
9653
5191
4808
8241
1999
4856
6197
1497
8204
6188
429
9807
3958
9329
7286
5475
7488
3564
680
5701
3204
8616
1074
5900
9718
9596
8798
4038
7769
3101
7587
1767
8615
7828
4232
9568
8772
2239
4802
6274
6054
87
3578
5142
962
2750
4959
9859
403
8253
4183
5320
2128
9129
119
6672
9017
3142
619
2022
1301
8472
9594
8495
7212
1201
3989
8205
8739
380
3256
9795
1494
3837
4159
1275
6302
8888
4931
8156
5033
8415
7041
3833
7046
365
7976
7288
2451
4032
1212
9673
9494
1832
5791
9681
4852
8717
7707
2428
8536
9646
3607
6403
8996
4418
8458
4977
6465
3739
9235
4876
9393
4682
4494
9693
6514
6194
107
9175
3362
4804
9398
5629
5355
3455
2326
4098
6106
5539
3313
3767
8633
7865
9931
530
2884
2943
5417
3602
3235
91
796
2329
9168
3352
7851
3657
7646
5536
4262
6585
5768
3616
2600
6644
734
7686
5020
4939
2959
8889
4260
5387
1803
7554
5273
7414
1860
6146
2138
5202
8617
6550
7883
2543
6132
2173
3867
6748
343
6021
1325
2084
319
4483
8972
2978
5218
2357
1096
4140
2888
9091
9852
767
4157
6851
8751
3889
8883
2768
3901
4372
154
9793
5668
3251
6347
7319
1268
49
9842
5960
9045
8442
4435
4613
3916
6920
8487
3969
4923
4024
5269
8686
2369
7523
9499
1820
6590
2276
6561
9844
4901
310
7111
9556
7135
9226
5505
7735
9726
8347
3469
7321
8921
6951
9132
2145
9318
35
9450
2875
160
7190
6831
1629
7897
5048
6925
5132
7118
8726
1985
1540
3268
7489
9101
331
2134
8170
206
3951
1421
727
6558
6466
9896
4807
9705
461
7500
3910
9435
5534
5655
2974
2090
8869
4575
2780
165
2544
5834
6521
6457
5290
7508
36
6650
7825
5482
9445
916
7730
9503
7069
1137
3547
9823
2306
6911
479
5360
2425
1231
7672
8343
532
6832
5009
9131
4764
2503
8723
9697
4485
8773
587
8901
9763
6202
127
6192
3184
515
3022
925
1218
7529
4510
752
3820
3570
3394
4202
1870
9379
527
2043
3773
9311
4680
4745
2333
7027
4781
6570
5199
8224
669
8277
4815
3110
5295
659
443
8450
6496
780
6582
7577
7788
9863
5563
4446
7428
8409
1375
6879
5368
4688
941
8304
3440
1351
9258
106
9026
8271
9063
7088
9331
471
3023
1385
3856
3851
5713
9085
7984
7963
1138
3284
159
495
9178
9249
9218
6359
1747
7476
4017
2800
988
3930
6452
8706
7611
7361
9552
9069
6895
5985
8382
9661
454
8994
3452
7059
4110
7501
9805
9453
6755
2339
4928
4077
9208
5021
7301
7941
7691
9727
784
8565
1679
1159
4966
690
4426
7862
6326
2494
2191
4030
2827
6493
7098
9421
1874
8285
820
8558
6082
922
6802
3561
3358
8549
2183
4379
5895
6773
1394
7568
2246
1031
1913
1428
7617
3915
5993
5675
6568
3850
7872
7607
7597
5892
526
2782
299
7127
167
5757
7451
5403
3428
7635
7243
1780
8554
4128
516
6723
6869
144
9946
2740
2711
4751
2886
3920
8689
746
7399
2394
6676
3852
818
1059
8900
4878
8644
502
4170
8193
8846
5949
4378
5943
4851
7090
8668
854
9122
4896
4133
5114
7293
7073
1726
2202
2497
6008
7208
8413
6784
6280
137
7921
5305
8282
7750
573
9099
8043
6143
6445
5973
3996
76
2574
7931
9236
6495
3623
8758
8400
9878
3466
8611
3646
6597
682
928
9683
4257
9622
6451
906
8672
1492
9031
6630
2015
3089
2647
1469
8264
2902
0
4561
6365
6660
6845
3986
2937
233
2274
9473
4180
1342
8214
2808
8263
8734
1328
4577
7830
7560
1413
1042
8899
320
9739
4727
9455
9690
7482
2238
3459
2876
735
7409
8928
5599
8872
1835
3731
832
8256
3199
5813
5117
5146
7556
3949
7904
1727
5078
3196
2423
940
1793
6063
5467
9374
1373
8767
4964
7906
8553
2615
8050
5770
9124
240
5853
8154
2557
5814
4934
5696
5546
7661
2961
7273
1638
2545
6824
2645
2009
2236
8704
3599
2017
8623
8199
801
3099
4028
4324
6332
4863
1864
2824
9671
5657
6306
2227
7145
8218
7968
5179
692
4109
1083
2094
9891
1030
1454
4725
1654
1451
6706
1286
6881
6719
1794
7860
9908
3686
6694
2894
3003
887
9143
6988
621
6224
6625
6023
1522
38
7687
5395
32
9467
6390
8785
5205
2336
6081
1388
8836
4984
1862
6025
9152
9199
2047
6648
6387
9576
2188
370
1396
7191
3826
9000
9281
3908
296
9369
9376
4263
9456
8850
9984
8568
7315
416
1588
2712
4158
5774
3574
9761
588
9875
2462
6295
3081
1149
2644
696
4951
3032
6325
6603
3355
7305
7148
1657
3672
4226
6357
191
8961
6190
309
1129
4625
6846
6103
4206
5605
6874
1795
8113
6805
795
313
8748
9151
3621
2940
8856
3766
8432
1861
5829
3800
1120
581
9811
8439
7484
9478
7511
6130
8079
1510
9157
3798
5976
281
8948
4469
1324
1223
9154
379
9560
7269
7308
136
1260
6946
1466
2572
2594
4508
9514
6107
5723
577
218
1840
4536
8474
3624
9634
4303
3097
9222
4859
1995
2717
6157
3150
9040
9846
9231
7140
4796
7979
6611
4411
9540
5480
205
1853
9137
8890
3077
3314
6659
2839
9825
5874
366
2561
5087
723
8305
5983
1516
2415
3299
4214
4779
4454
9944
8267
2367
9962
7101
1705
3903
6818
2729
5825
1205
9283
5346
2759
8087
9013
8107
3687
3632
7970
6219
6532
9353
1976
341
1224
1244
9073
3295
1299
6484
9588
568
9481
5756
4105
4555
7608
9517
4830
6940
103
9177
5838
6136
6431
5639
9773
6653
8471
4423
761
5007
7486
1278
1403
1344
2817
7413
6880
6115
5096
3741
6877
4347
6907
5527
7789
5502
8631
6424
5750
4975
9400
4620
1277
4233
610
6564
3035
2379
3185
5233
4596
2624
2416
7531
2421
8504
9276
3337
5559
9108
1503
1195
5060
8545
4286
3560
2385
4142
7410
4135
608
8797
5628
1390
4272
1287
3018
6612
7386
2002
9158
2296
1092
4495
6221
1706
5890
2757
868
9364
1537
1087
1920
9342
4871
4122
369
5171
3586
4402
2255
6525
1181
325
6642
4640
1877
3559
4748
7267
162
4003
616
2931
9461
5296
9153
5909
4134
4801
418
7802
1432
6878
3653
5929
1785
2771
8645
663
2917
886
1355
7043
7499
540
1688
5601
5933
2139
6698
20
3453
6566
3557
1400
4995
6857
4806
9643
4213
3067
851
5014
4114
1485
5404
4364
896
2203
5862
8528
5847
9626
5075
8309
943
138
6134
1939
6252
6339
3311
3041
2715
5147
718
1245
2924
3433
9185
2798
1347
4985
7854
9213
9803
7463
5592
640
5016
2355
8691
2748
9939
1179
6909
3084
1167
8649
6645
9265
1488
3813
9367
2432
5361
6563
6018
2872
3115
5337
8158
5732
2542
2332
8359
1856
5582
312
7679
2864
4778
505
8930
7066
6263
8547
7379
3787
2778
8420
7848
7642
7814
6016
3645
432
1020
3786
6555
1661
8104
3423
3812
8307
282
4576
9357
9508
4383
9321
5398
8152
4645
6840
7835
401
5367
2670
9187
3778
9008
5323
6614
9778
332
3684
4840
2399
4798
3791
1143
8590
6408
3811
5543
3634
2723
726
9242
9107
4007
8144
5864
4791
9687
6905
1336
6257
3985
8375
4724
910
1752
4131
1912
7281
9943
1692
334
3155
7546
6412
6470
1986
7647
5812
8927
6259
5447
949
6777
7528
5561
2309
5570
9648
7024
3793
1378
7166
4797
1684
482
8572
6548
4062
8273
3287
1039
4037
2443
5097
4650
7564
8907
1969
4949
7422
3780
4589
737
2789
2848
769
9432
1582
7981
6261
2338
2391
4970
9424
7052
6945
8837
1405
7228
9120
3485
3846
8934
7426
4382
4700
7176
5690
942
7104
5102
2264
6401
5209
2140
4617
3405
1611
3349
7869
6783
359
8348
9615
3971
303
1625
9250
982
7297
4456
4918
5610
4583
4415
9813
4127
6583
2426
1034
4652
3335
1982
9732
8231
8662
8722
7172
2123
421
3995
1234
3748
9877
6020
1147
1698
5548
3566
4192
6362
3206
694
7159
2773
1796
5351
2966
7755
2567
9541
3648
1367
4453
5660
8710
3594
5801
7151
3346
6094
7781
5460
6305
5927
1929
7804
8463
8297
9328
3781
7048
8346
5573
2562
9268
6821
5354
1398
5982
3718
3556
266
3179
3393
8853
5860
5706
4738
7170
8188
9279
3312
2282
6746
2243
8982
998
7255
652
8258
7216
1804
8319
5131
3061
8820
7664
9684
7149
9912
84
9600
6145
6271
1889
4573
6397
8746
7994
6589
8417
6817
4663
80
6206
7807
4273
856
6520
9640
8828
6750
1671
9275
8818
1518
6651
504
7432
5158
722
145
6545
3854
8865
3738
8061
5571
6043
2825
4488
436
9305
1054
781
4216
6814
4829
546
2510
7299
7584
6314
666
3011
9356
4390
8092
9973
4788
5023
2905
3701
4277
288
9330
7879
1504
2694
7423
8719
7108
5984
6478
6634
1606
6207
1204
862
8275
1331
4342
6333
7831
911
8005
1207
3520
360
5553
7092
3507
2936
4716
1949
5066
6469
1372
6927
8887
9391
2159
9388
839
7773
1989
4259
8997
5024
2517
125
6360
8110
5579
7089
575
7919
2568
3137
1109
2314
2175
4070
2821
7329
7899
5952
6876
642
4066
9405
9288
6341
5247
1786
8529
4989
2793
5953
4565
9870
3033
8239
8341
6233
2500
5530
4933
1642
2641
3516
1280
3458
6902
600
7864
3120
5187
3027
810
9344
9667
834
9194
2927
547
984
2249
7822
9969
9548
3794
2963
4533
4258
2900
6993
7532
1272
6172
1210
8627
1792
1334
4733
3517
79
3301
6595
6709
6732
7003
8362
6705
4980
2384
7017
5515
4042
2091
1302
2878
5222
6997
7891
3397
7980
2352
6646
5839
6494
9752
6934
3758
9140
3039
1925
3835
1209
4647
8776
2679
7431
110
8584
9981
7022
5915
8741
3611
9014
5797
9599
5931
8641
5316
8410
5643
4362
3425
6068
9651
9423
5552
5914
4073
2136
1868
7465
4001
2256
9211
5844
8594
4208
1745
992
7296
4905
14
65
1560
492
833
9711
2233
5542
6345
3327
7447
5977
6210
4514
4507
4731
4301
6052
5070
668
3269
5835
4567
4094
2319
1045
875
6181
1691
3330
1546
6685
5463
709
9128
3763
2698
880
895
1627
3036
9686
6721
8422
3991
7506
4914
5760
1687
8200
1110
3016
6062
9898
3805
9092
9044
602
8619
2678
2393
6680
9495
1712
4842
1276
2077
6868
8833
4762
2598
8502
9019
9121
1208
335
1993
8220
5190
4079
52
4861
8090
3357
3073
5972
1808
3260
9004
1311
4522
455
5749
7416
881
7579
8949
6127
1384
8847
4471
2401
2437
561
8485
6220
8373
9816
7129
7908
822
7026
2407
4513
4793
787
2846
2790
9513
6012
3259
8248
6226
1345
6059
1783
6704
7495
2907
7136
4913
90
1788
6155
5302
4581
7154
914
1145
4728
3278
8129
5153
6092
4178
7252
778
8608
4276
6114
81
5145
5907
8733
9471
5575
9361
6442
3829
654
8365
7518
9068
6530
4220
3442
4542
3754
1068
8932
470
2877
7407
1461
7163
2354
7572
6854
791
3484
1417
2926
215
3389
8457
5091
4950
5409
7663
1908
9327
1073
9020
751
5186
4946
2509
9313
4336
9866
774
1604
5590
3342
2271
4015
639
7966
5083
5018
1620
1391
9102
1262
980
3143
2520
4619
4468
8306
6939
373
8738
9917
5550
7001
3407
9308
5705
2003
7998
8973
4579
3426
2344
8101
1916
4675
5
6378
1402
9779
5156
2950
8428
7753
8708
5700
6315
4441
6377
4662
7019
786
4361
3807
8469
7767
1025
9638
3957
6904
286
3114
7517
7971
6618
9957
6288
5012
1300
7987
3262
7368
3451
3444
6547
4569
7606
9312
3324
6489
2000
721
1951
8163
967
7203
7960
7491
3347
3857
664
9999
6240
7909
2663
8683
9454
4860
4405
1453
6715
6889
3762
7433
9169
8384
3906
4261
9650
2631
8660
4945
1653
4472
3736
3012
2194
9233
9241
6198
9303
9674
2559
8425
5177
8083
6527
510
2467
8941
6225
812
1584
1438
1987
143
3751
7840
2578
3456
6754
3808
3575
64
3587
220
8988
4173
4253
8770
8597
9523
8325
3461
8680
6636
3060
3967
759
749
7768
3822
4626
5857
4126
6962
8056
4313
6277
3885
4280
6731
8338
6963
1947
1507
9446
7653
7205
6316
2420
8991
9749
3737
257
7412
5161
8004
3168
3816
5124
8771
4189
4879
199
6565
7626
5162
6124
4104
6500
8026
1934
8187
4621
1117
9702
5104
5925
3580
4699
1675
3823
1240
1563
5120
4406
390
1173
3532
3132
1770
2181
6327
8779
929
3058
9500
3050
3606
7095
2830
3282
2403
1502
745
395
1886
3385
5828
1168
8160
9731
6144
7783
793
8240
8548
7307
8845
1909
9897
747
1564
8261
1190
1553
1724
9323
2549
7174
8
1617
2197
2405
2862
8530
6248
3307
1867
7436
1501
324
6116
6030
6061
6792
4506
8564
1672
1532
5143
6117
1827
5278
383
3666
5435
3999
5402
3325
6237
5034
960
6959
993
6085
3201
8851
4465
609
9180
2476
1144
9088
1134
2166
7394
6278
9024
9363
290
797
5279
5622
2230
6307
3618
7969
6928
8049
7866
4641
7229
6037
5110
9630
8874
8787
7441
9134
506
7211
9103
3978
7896
1014
7925
6229
225
4774
5596
6015
7676
2764
4141
3874
347
9905
5384
5335
953
8562
4961
2371
9162
8926
6710
6266
5429
5008
9296
866
843
6786
9482
2502
6174
544
5292
6046
5577
9642
9828
7649
5149
5886
7370
1243
5771
194
8950
4771
4754
6455
6354
6843
6649
4271
2680
5449
9429
3932
3708
5531
3848
4124
453
9639
2244
884
3757
122
385
3777
8694
9845
71
2603
6931
5998
7975
6729
1714
7937
4482
3298
2089
8852
877
5344
3009
6799
9352
4768
1078
5065
375
420
9472
3841
7536
5689
6351
9491
1448
9317
3178
520
4982
6760
5662
1843
9566
2521
3111
1091
2157
4115
564
8402
756
1493
2617
2630
8208
2899
6796
9223
9532
8479
8017
7636
3037
1251
904
7217
4166
9287
48
4295
579
8754
3810
4562
2272
7923
9916
7945
9904
3218
8007
9704
2363
6770
8764
9627
6987
6562
1812
8505
9873
8236
1789
9018
2904
5401
3267
5128
4491
7938
8198
1545
1444
9509
3499
8944
8507
6105
5727
4240
7956
645
6999
2912
1639
2302
4384
7905
5431
1423
4026
7770
1026
153
9748
3612
8434
9142
537
3703
1046
6482
5086
247
4916
713
3639
1459
2833
1203
2999
8765
9297
6122
9832
4205
2417
6771
8563
5794
4991
4843
6461
9740
9298
1928
1961
2797
3734
3843
6298
8556
5766
445
4490
8227
3581
6829
6311
6624
6981
7743
966
9800
9522
8858
3506
2601
3109
6050
7740
4610
3596
5232
5863
9170
7602
2481
2526
5930
8642
3038
4328
6554
1447
120
903
1663
8179
353
9840
6828
4979
135
8117
9941
5396
2346
9655
8407
7168
6806
7345
2041
9564
4120
3613
4394
656
1182
2537
9882
9253
3839
9997
7139
6239
3169
4618
8923
9050
202
9244
6903
8063
5663
7171
6282
6607
7018
1968
166
3491
2348
2519
2518
4045
5572
2295
5444
5938
6421
4097
5926
4338
5189
1881
6578
890
6272
4706
7396
9783
7398
630
6235
2761
695
9097
5080
1774
1760
4668
3942
4146
4832
1192
5908
2853
1265
2753
7609
8345
6855
8284
4967
6592
8588
1914
6096
7075
1573
444
5674
2620
3745
8225
9015
8094
8647
1341
3548
6872
4623
647
5753
6203
6665
6255
8574
1132
9136
8569
1152
641
9407
364
51
161
3888
6772
7697
132
4530
6663
6628
7195
776
1902
2440
4451
2719
1220
6215
2341
2262
1256
524
4281
9713
9252
1554
330
2199
8142
8897
6041
2087
6481
2026
8326
2628
1888
9005
550
252
5735
849
8571
9437
2535
2639
5031
5533
5948
1730
4366
2799
3161
5832
8602
5494
8803
6967
7747
2490
7881
6833
2471
3847
5441
2461
907
2755
5170
5353
9810
5301
6483
7533
9304
739
2948
6703
5415
7973
2220
1618
1754
7227
838
2412
5069
5626
2969
7598
5707
3678
5851
7502
1206
9412
3000
5779
8232
1937
7401
4312
3151
1389
6688
1123
1248
5600
6000
422
5474
9741
563
4061
9100
512
8924
6782
5845
6885
4356
9641
775
5968
7993
21
6923
2322
7480
5072
3892
1332
4525
6265
3378
4317
1693
5549
3733
6005
5885
108
7115
3644
9290
2120
4063
6498
2553
6223
6586
7565
8293
8878
50
7323
447
9095
6888
5882
1449
423
6808
2048
1111
5950
991
9573
270
5967
7144
4223
3963
4327
5192
5957
5796
1543
4730
187
4367
6687
3650
6956
1880
3688
4698
8986
1759
7619
612
932
3583
9042
261
852
2342
5178
6140
8863
6217
990
8804
1027
8367
4153
863
7224
9076
2011
7250
4809
7733
5928
9934
7395
5584
5980
9692
5451
7573
3234
6173
4344
265
8881
8827
1266
5811
3100
3419
3230
8745
5094
5487
7097
2382
2453
6619
3434
6131
4448
6026
6736
9340
606
377
6056
3717
1678
2724
8753
5095
8870
2480
4343
8196
9493
5583
8360
8045
1933
3954
8915
6379
525
6491
8065
7665
7859
3034
4053
8139
5327
3156
9164
6533
7025
8316
1991
1001
2700
6893
9346
5658
6569
2939
2857
5991
69
2869
4875
7448
197
86
2300
2098
3712
8666
1737
2472
2786
8046
2772
6958
6438
358
6718
1318
8763
9299
5923
5634
5115
344
4033
4715
1470
503
7701
7526
9457
9403
7121
4941
1169
2819
4152
3369
8868
9066
1787
1019
4412
888
6641
3055
3716
4549
1416
2891
8605
3795
1314
3162
5293
8823
4707
1716
3129
8421
582
6383
9347
987
6283
9940
7496
8891
100
8453
2200
2176
2376
7759
8789
1198
9336
2941
7604
3121
4826
7732
559
7816
8459
6588
254
3014
6459
1392
3374
1386
2882
924
6638
97
7558
2880
5049
5140
5025
1103
6187
9504
2736
5055
500
4278
1595
3649
1023
6426
3923
872
7292
6656
2762
9847
371
2897
3420
3628
8989
2063
1668
7443
7593
8086
7473
6449
8610
8628
4314
2605
1297
9262
2581
9087
1288
5893
560
9775
8639
1463
7719
174
1422
4200
6324
6930
351
3477
9046
4487
9510
3604
8618
9609
1414
7331
4319
2195
413
6913
8426
3543
1637
5121
5134
2263
1475
4219
2056
8125
4803
1738
5221
7775
1326
267
9529
7537
9572
5119
5168
8499
4825
955
6150
3439
8335
5454
3343
9909
9971
2634
8958
1950
6249
8752
754
3175
5088
8665
701
1592
5910
156
2975
5615
1624
7380
8221
9527
9849
3622
8484
6337
1596
1450
1719
3079
5761
9784
7522
2234
3341
3615
9408
8523
4013
9190
7275
7885
4531
1911
9861
6684
2577
3273
8510
6697
200
212
8448
2977
3941
1680
7652
9591
7040
7720
5173
5135
4493
8541
1077
1859
7694
496
799
4685
1748
5107
7434
4162
1762
8947
9977
4654
7178
604
6450
1131
7359
1264
9086
9743
8744
7406
6984
8843
8995
8585
2099
2555
4545
2560
5836
6400
7404
5602
6543
3784
2141
6184
4326
2752
6279
7916
6534
6344
748
163
8967
5127
3306
3579
7821
4251
9834
8646
9550
7585
2767
8020
5347
7390
8788
9719
4908
3353
8340
4962
9723
7005
7959
8212
9757
9819
9451
7853
5280
9428
4492
6513
3544
130
8378
7991
4438
6714
912
4398
2019
7306
2366
7132
1387
6270
2477
3448
5647
9036
5826
935
7367
3409
466
6738
8405
2060
9675
5037
9011
5400
4377
2527
6088
8015
3771
2604
3661
3928
8038
5880
9787
9355
4279
1289
9960
9117
1645
2054
4521
3935
4085
1348
9766
4749
4165
9635
8342
3789
5304
72
8245
8933
4445
3415
8247
3128
5649
2651
8419
1317
3600
7462
33
4848
6330
7509
5492
4883
3488
5854
6551
5802
94
3280
9551
1790
3380
3263
9333
1967
8580
9708
1773
7520
728
917
8444
6890
7736
5819
2038
2919
6961
507
409
6031
5519
7989
8577
2135
2388
1018
6702
7134
9974
5722
7724
2726
4245
9371
6666
9864
8237
3173
3824
4195
148
6072
3131
3619
6083
702
5003
2316
9933
3668
1052
7561
3961
4296
5612
4349
242
1681
6860
350
4811
1412
1457
7955
4331
6276
1533
1539
3728
405
1480
4857
6848
5508
9945
2184
6289
8369
8080
8725
9300
7655
7542
2787
9228
4132
2102
8974
6055
8805
6010
7021
1953
2486
9360
1356
2167
3749
337
7855
9543
9994
489
677
2836
6739
8243
2498
5382
5562
2805
1536
3197
4058
2533
7629
3086
1213
8857
3080
1036
595
3617
536
4404
3195
3072
9542
870
82
1569
7093
23
196
3609
7794
9579
5067
8171
9557
1997
1426
4986
8468
3504
3253
8483
7839
4902
9200
2851
1521
3068
5261
8057
5936
5376
5421
5047
6743
4172
4182
9146
764
511
8106
6836
8036
5288
3246
565
6471
4958
3775
2713
9021
3654
6440
8977
883
2895
3567
8736
8589
1979
4694
2093
3047
5692
9204
7953
1768
4234
8042
7541
9322
8048
7643
9930
5108
7032
806
133
8656
4595
7282
2986
4866
8060
5219
5921
1155
811
3500
361
7487
9373
2684
4316
9788
2288
2987
5411
8072
8591
5981
7298
7510
3872
4401
9082
1305
6101
8014
2945
597
2796
6839
8091
4692
2259
2754
2704
2569
1211
1791
871
816
9159
8720
5764
9696
3713
9341
4993
2710
9915
486
5369
636
2185
7588
9464
1666
4765
7595
8875
31
4414
3030
3370
4478
847
5365
5380
4855
7020
7444
3180
9976
7177
7387
6952
5399
9688
3333
3424
5356
7507
8429
211
3147
2029
2104
6399
6502
2883
7254
6581
5476
4772
9109
1636
1634
7988
8583
9777
9394
1310
336
552
2530
3907
5898
5598
8151
7450
8519
8059
8136
8053
7731
2661
7757
2435
7849
9492
1439
4673
2418
9130
859
8938
1511
6778
6803
1183
5881
2648
425
6572
7737
4049
9410
2609
8760
3943
6323
8233
2293
9059
9710
9592
5846
8521
4627
4047
8552
7357
4057
6722
3670
9546
7258
1708
6281
5224
1093
7982
5560
3422
7594
433
7241
3283
8452
9735
1446
2125
1959
2487
2810
8361
1781
9633
6509
4509
5383
4059
4664
6787
686
7516
6238
7824
9865
5378
850
7512
7391
7458
2656
8435
473
4996
6439
1700
755
3937
5213
368
4655
7197
8799
4427
7333
1004
1055
4497
67
6014
314
1171
5871
8830
9925
4877
176
1232
3417
1270
7453
7192
357
7343
7417
5249
9081
1075
2448
5313
4746
4203
8328
46
5778
2430
1024
8761
7951
6580
8470
4720
8329
2439
6264
3662
41
9808
9628
5787
2616
2345
5388
543
9804
2769
1523
2359
6374
2251
6830
6781
3743
1825
6434
8201
2708
6695
3633
2005
999
4948
439
352
3315
5235
4238
5453
8251
5947
7684
4722
6600
1035
44
8624
6216
6448
9334
2153
7911
7752
6822
823
1749
7644
7763
1673
9926
8740
2287
1551
2946
1955
464
8244
2317
1235
3387
7717
3832
7340
5111
2632
3571
7682
9893
740
8339
939
5878
8626
3106
7173
9569
4604
1778
8825
5314
1323
1410
591
5795
1831
9278
1464
6414
9197
7086
4417
3790
8832
3223
9583
2284
4421
4194
9387
6053
238
6405
706
1633
5806
5868
6617
6363
9264
7
6334
2579
9237
4425
5321
4256
620
9662
7109
5514
1121
5372
5483
7712
8517
8965
4784
1040
5737
2870
4410
6413
2741
3492
4885
480
1763
8035
9125
8700
1151
7471
3025
4709
8034
1309
9413
3421
1455
3603
9858
4125
1572
2970
3927
2727
7986
2209
1622
8155
5255
651
7660
1590
6380
6850
1038
9838
8355
2760
2143
2107
9610
6250
7206
5381
3844
8807
2898
7028
1682
9166
8085
5627
5462
9039
8678
7310
3363
2673
9559
6444
2001
3320
7388
8955
5941
4148
5504
2971
8814
6711
5992
5040
2576
4987
4074
7187
8880
3711
7742
9475
7045
9624
905
7795
6789
7381
5682
913
5446
7342
5478
3040
3974
8903
5775
4022
7944
5719
9799
9219
4334
8022
7259
4667
4714
4292
3529
2213
1150
9621
1962
1282
6292
9733
1779
6759
1079
7051
8592
5858
2512
9112
2205
3972
6994
5565
3699
1597
4711
6269
9217
973
6193
2829
8514
8792
7326
5821
4915
2962
5975
7977
9174
7182
209
9545
4499
2158
8731
9680
815
4535
2528
3783
2696
4864
2174
9430
2218
5423
9712
6591
2241
4244
3274
7563
4526
8860
6598
617
3799
3659
9274
4761
9145
7354
1021
6479
8992
4452
417
7893
2350
2207
3931
189
6411
407
9756
8544
8476
5333
8724
1140
3338
4717
4756
5789
2889
5540
5105
4466
2250
8269
6668
3348
531
406
7196
1284
322
1474
8276
5466
3318
8289
6810
4630
4972
419
6001
738
6447
3525
4043
8280
8775
1161
3565
6133
499
5330
4252
8795
2784
2463
2692
6214
4359
6372
3288
7776
8490
2892
2660
5268
1089
5547
7477
8089
9469
8037
1088
5099
7280
6170
8894
7150
8126
4247
7233
4609
805
1176
2297
5307
4721
244
9614
9362
9203
4849
9924
9837
2105
1923
3490
2618
1000
1918
7603
1614
3019
4572
4100
6095
2791
9468
3817
2852
5691
6605
6078
1729
4880
2865
3576
6185
4836
8634
6867
7620
6627
3375
8489
8408
9186
6071
3225
2854
4333
4075
6398
6297
2053
8895
3053
2361
8802
9856
221
2901
2268
3528
9465
232
301
9760
1561
3643
9519
6936
4605
4701
707
2036
6707
5800
965
1406
2489
4953
4651
463
3761
6329
7385
5755
3497
2731
9988
6343
6183
3647
83
3261
4325
4210
4676
6763
8303
2324
5679
5359
7898
7678
3193
1842
9380
6737
2803
2224
4014
5715
1735
3205
977
96
4088
2088
4511
7557
5611
7738
3297
6508
5297
8677
5204
1659
1279
9501
4689
4818
5486
437
1104
5193
2085
9953
8806
7313
2777
8067
1291
8093
3997
4868
3117
5752
3052
2589
8165
5869
8993
828
8893
40
1175
8968
5815
8311
9181
8518
8016
6587
968
6121
3219
3224
9381
5324
4593
6720
5074
5942
235
1157
1067
1577
9951
184
3709
6435
2842
2792
4899
1465
8395
7411
8404
9666
1944
6342
7366
9205
7239
643
714
4335
9910
3160
3710
7076
3753
8318
1520
6075
3764
5820
2738
2429
2052
7439
1648
9848
17
3382
6322
5538
6090
1357
8768
2879
4603
2860
6453
8658
7445
4371
186
2323
8800
9695
5013
477
9901
6524
4072
893
6076
6416
9707
4922
9041
8884
4143
9676
3802
1525
5911
3211
8097
7078
9349
4588
7369
258
4792
7053
6544
5633
7349
3667
8620
8871
1799
7920
89
9119
3272
6635
4064
9698
9996
2702
4369
646
6490
7265
8440
63
6077
4782
5391
9439
4644
6944
6571
4789
1797
1118
628
9737
7901
9093
4505
7927
5308
460
1263
356
3336
8391
102
4884
4845
3487
9212
9395
7332
2908
6910
772
7625
9160
7186
5434
5580
2169
3241
7900
8632
8815
5888
362
5129
8096
8906
7570
2913
2965
4551
3620
5185
158
653
8542
3048
8727
3946
9462
2240
9003
6070
539
3801
5196
7834
3102
1897
6973
7232
6004
4050
4175
1855
1064
5807
3112
6028
2744
9419
7481
3677
7435
9037
1744
1895
6870
1956
8601
2069
5989
1429
1409
3577
931
2340
6679
4770
7223
5459
2232
6204
9590
4243
6410
7650
8952
5172
5616
8209
8747
4285
1941
7251
2449
7934
8278
2611
6894
1777
6196
8366
6626
4919
9029
3864
1872
1879
8904
6717
2504
6369
8595
8980
5234
8829
4373
3172
3950
243
9289
9326
151
2330
1850
4138
4149
8838
4518
3861
3396
3664
3878
2245
5174
768
9280
4810
8964
1358
1834
3870
3804
3876
9230
3404
733
8629
9958
2456
1978
3170
7820
792
9114
6980
8308
4838
5216
8916
2811
3285
8757
946
5113
8320
6674
8496
3339
629
8937
4264
8579
7845
2756
5745
2921
7318
9390
7623
7947
3698
7539
9857
8942
6177
4947
4634
7624
4909
1085
744
873
4284
6258
6060
7793
8960
434
7470
9155
5228
8228
808
4960
8598
3641
5311
6681
829
683
3381
6394
7146
1619
3471
831
7383
8749
4464
6804
8131
2746
9490
7302
5282
9827
9245
9466
109
2469
989
4294
1415
7633
3886
2681
6486
2677
392
4912
68
7716
2283
4480
8312
8537
2551
4346
6751
9038
7727
5206
6978
475
7392
171
1350
2400
5970
1901
7962
9580
861
6373
8021
1948
558
742
430
2619
1247
3827
4090
59
6275
8560
5362
4710
2794
6549
1097
8189
9911
901
535
3818
7766
5645
321
1418
5160
3467
1922
8176
7204
2061
2626
7225
9972
6947
6504
3608
4557
2071
5223
2871
9246
9966
1229
9048
4307
4997
8100
2595
4598
3140
9366
6443
2267
4476
1009
9645
4460
548
5971
4156
4310
1393
1255
4500
4785
4837
6480
1119
1472
9786
5997
7248
2666
9936
2614
104
2541
5051
5506
9794
4323
1983
5641
3366
7995
6152
3533
5264
957
3536
8088
2707
7303
8103
2177
5432
4112
3103
3436
5175
5493
3534
8943
3449
9359
979
8896
1996
1435
5144
969
9998
6163
5729
9337
7000
7967
2918
5678
6844
5054
567
3354
4034
4805
5632
9536
902
1271
1072
3270
8381
9012
724
6477
389
1818
1
9843
2980
4601
9425
6899
6126
635
1960
8031
9055
6762
4171
8497
7106
6079
6793
1571
9571
2785
2211
6218
5407
5525
246
4517
4737
2867
2843
124
6975
5790
8337
9814
3275
5830
3973
2801
4615
9769
6118
4249
6080
7887
8535
5736
975
3926
5270
7358
1858
4799
7722
9658
6175
7200
4129
9601
9868
4705
6819
8430
2225
3519
7756
9489
9530
2637
276
8246
7685
8147
1383
4139
8493
3087
2733
5714
8892
4029
7446
8206
3849
4971
7317
5201
2078
9034
8791
8654
6953
7800
8794
2458
7578
6299
1811
7836
1904
129
1746
7882
1434
3768
6089
4758
9184
1397
9672
9315
4552
4608
7605
2575
6716
2610
5406
6164
2014
4540
8882
5922
8062
9058
8164
4270
4167
234
6406
8252
9324
4473
3814
2850
2587
826
7064
8255
9354
583
8150
2035
9436
7760
9266
2465
9654
8272
2981
3240
1580
2552
6067
3365
8140
10
9724
8957
5176
30
6884
1655
3909
6212
4786
3286
5373
3860
8501
8387
2313
8576
7165
8310
1202
5664
7096
8703
4669
1921
978
556
6111
8810
3922
8460
9309
7914
1836
6670
3658
1090
5842
3090
3732
2278
7600
741
8935
549
6991
9001
5165
4921
4190
6926
2934
3853
1496
5036
7278
3051
7708
1483
6463
3962
9079
5277
7194
7169
4649
5342
909
1130
5002
8652
6852
6510
4444
9426
3696
750
5436
2654
7936
8650
6358
5783
6579
2928
3258
936
3460
7117
7613
7870
9156
9561
7377
3948
9259
9383
8609
9528
1395
1136
4168
8782
6798
1267
5468
1436
9948
2832
394
2033
601
3249
5237
5258
725
3238
2397
9577
8229
9668
1863
8332
9074
7765
8058
7710
7857
2018
5300
9762
6856
6922
5148
3210
339
5015
484
2079
3148
5180
807
4591
4528
7314
5488
4527
2265
6673
3108
6407
272
3501
2866
4289
8358
594
3126
7913
1273
9449
8009
3007
5720
8119
193
5364
5932
4484
9411
6813
8019
985
9144
198
2219
8898
7641
9632
7393
4479
6260
2706
1690
2116
7408
4091
6801
3418
3740
2994
3472
6348
542
6003
824
7455
5513
2720
959
4911
2411
8664
1718
9663
1499
4594
8030
3714
3044
8978
9885
6957
4924
2436
3075
4537
8690
9214
7838
9677
6652
448
13
7863
7468
226
3319
4046
6932
4743
7256
2501
1943
4543
9876
6391
8331
6051
7403
5763
9316
4929
4670
9809
9613
5291
1366
7454
6516
9903
933
4795
1162
9225
3481
9647
1758
7131
9053
572
2734
1550
6949
6573
3091
670
1142
3165
9980
5450
7811
3511
8441
2160
3010
6045
3863
9620
1652
8638
9401
6159
5569
6027
5250
4672
8398
9105
3013
7466
3291
5458
4965
9083
3530
5688
6364
2972
6318
1734
4713
7249
7157
1329
2290
7837
6620
2032
5455
2095
971
1484
4723
8055
7442
2130
1697
4400
5718
2995
8003
3545
8023
9535
3549
6294
921
6040
4503
4239
2947
4250
5093
6268
374
7954
8848
7119
3638
6460
3541
7164
6437
7612
4869
8349
7627
7889
1641
662
3017
1974
2540
2887
3513
6847
1591
7668
7580
803
6087
6209
5287
1821
9247
8482
9150
85
8831
5772
9785
2358
5058
8685
2081
16
918
5841
6112
7704
5740
7582
4529
4632
6476
8033
4907
139
3715
9992
9880
2831
972
441
3254
2922
5139
9254
3742
9604
2505
1146
6119
2438
8068
8777
3936
3296
3331
7961
2873
4753
4309
7469
927
8783
172
2896
5495
2144
2398
2377
1615
4658
5397
62
8515
7425
8296
157
4298
4023
8534
6727
4504
2686
6606
9923
2422
7080
5325
4963
673
3550
7167
6169
4204
5876
4380
9942
7915
5152
4222
6161
5987
115
3782
5220
9691
5248
5263
75
1281
7618
3707
5424
9010
5064
5456
8215
3145
7449
9319
5079
4729
841
4360
9267
7002
8197
8191
2248
1377
262
1335
2279
9660
9607
3855
508
7012
518
7548
6915
2258
4874
1363
7071
3248
3096
4068
8696
8999
8281
5897
3392
7723
7590
6825
9179
2693
1177
5071
2588
8990
3945
760
2353
3222
7942
1225
5116
3326
149
2493
6992
9171
3982
4844
5861
9631
29
2112
7478
9581
7902
7126
8561
898
6189
1900
4084
9990
1441
4930
8027
3572
5551
37
9418
183
5646
3546
9518
923
8512
4547
1583
4736
2925
9256
7634
8475
5469
1927
328
5695
3340
2844
9255
294
7645
3361
2807
7782
8559
1477
2982
5028
8073
4021
5385
8000
2608
8379
7780
3838
5477
2147
4501
6621
6954
3893
9239
2190
7356
4221
2163
8966
2495
8506
5443
4341
8462
5418
4477
1973
1108
8742
1319
8111
8254
8173
2004
9057
308
9343
250
5765
7287
6971
7514
384
9955
1898
4218
7246
2967
1128
6065
9123
3136
3350
7503
8223
6690
5370
4169
4300
3675
1702
56
2766
3966
7474
1293
7778
3200
3976
6093
1508
5357
6640
3625
2582
5544
2743
2231
2547
5226
8350
5805
1964
1665
2057
440
4867
9458
2968
5211
648
9985
1924
5265
5684
1379
5231
4657
2806
8655
6165
6518
7272
3642
9782
9526
4602
7062
8130
2964
4616
8912
5703
1458
649
8446
8161
1250
2083
7274
8699
1022
5587
7596
1801
4612
9167
7112
24
947
224
6865
5338
3553
3191
66
1399
8606
5092
1756
3674
855
4917
6576
9272
152
4102
5350
6418
5889
4822
6639
3993
8711
8816
8464
7713
3597
8766
4051
3987
1838
3277
3859
113
8596
9919
7213
1926
3984
446
3655
1127
4515
5606
4739
8166
7042
688
2286
3682
8082
1931
217
2132
8801
1883
9028
6964
9989
676
8796
2291
354
5837
5123
6029
1816
9906
8670
1876
7797
5631
9294
6472
9895
9790
2419
8029
7290
2066
6256
3868
4268
6747
1071
6222
9325
8317
3582
7758
3705
6376
4010
9582
4054
7373
6557
1460
9729
6310
7748
2210
9781
4365
39
1219
5744
8762
3344
3432
5100
8167
9547
1823
3377
7952
8123
7801
7751
8424
3413
6924
1124
3192
8920
5166
8322
2488
876
8886
9372
3983
3689
9806
4005
7974
4304
1194
5939
6456
3054
9574
2958
8480
1170
5653
7591
945
2847
1869
4935
2261
9987
7850
4018
1893
8976
2674
3243
1174
9127
6918
9377
7271
1579
7063
7226
181
9664
1294
1562
7047
1066
8011
7492
7656
2992
704
2110
1431
3454
9821
5746
7806
958
2402
6664
6643
2596
6512
4145
8735
7571
717
3905
7702
9189
2856
632
4184
4385
5963
2058
6752
8524
7137
4198
2445
9747
5229
8333
7222
6791
6100
8075
9448
155
2657
1452
6970
4519
7871
8226
986
3944
1613
4777
2310
5082
2478
6917
4376
9365
1106
655
5272
3990
1105
9894
4231
8298
6797
3300
5725
7714
5437
8667
7640
4755
6938
7535
19
1433
3779
4636
4888
1290
7589
9956
7143
790
7210
9351
1753
1612
3706
118
4191
3538
9198
8824
7924
1101
9593
3122
5471
2676
1669
3083
3665
1558
4290
8217
995
8202
34
9636
2228
5240
675
2688
3427
8185
9771
1751
9701
7827
8178
6724
5524
5712
6608
8922
5183
2413
3069
6859
381
5823
5085
3154
9201
983
4111
7023
7505
5699
3884
5479
8118
6662
827
3384
4215
5822
8270
3819
5578
4431
1283
6677
7875
2861
6370
1981
7264
6303
4887
1382
3119
5427
644
7384
2111
2804
465
2522
8695
6761
4750
3231
6505
1221
7907
1258
665
788
8259
4584
3845
7457
8781
6745
5799
9263
6599
292
7122
8370
3938
2076
585
2920
2152
3245
9032
5865
9378
5408
8721
6113
8604
5686
7705
9306
263
590
7651
8778
5207
9886
9516
8527
2988
3441
7894
860
2126
8663
7133
3474
5607
9273
2148
3371
6186
2479
7152
6795
3858
7638
3345
9286
5541
9113
8112
9830
2470
4937
3130
22
5257
7382
7706
3898
9932
9479
7917
121
4083
6929
5227
3153
9656
6838
7999
8511
1776
9855
3214
9768
6296
4546
3693
6948
9397
8849
2457
4734
7175
9071
7065
8728
9867
3227
712
3138
7545
7461
1807
6901
3875
5804
716
1882
8755
2695
5574
6024
7764
6245
9502
8260
9935
9862
7792
4459
5497
5840
1086
7761
1589
9608
4403
2909
9612
5762
6675
7077
2629
1990
3890
2849
3747
7058
1585
8969
1407
2828
1683
77
8811
6556
1032
7035
3785
1154
5303
3505
367
2117
6336
3542
4890
3509
2690
4209
2602
1830
2074
4432
3470
2841
481
2086
8363
9515
2254
3902
8705
173
7068
4800
1112
5112
1114
743
6309
6293
6976
6613
2516
9227
6785
2591
9111
1810
177
1135
1784
4550
6492
6507
848
4457
7460
7240
1628
2178
4661
1839
3031
8040
6427
6511
6862
182
4952
3955
6393
4443
9234
3257
2146
2080
9416
5503
5730
7935
6446
9902
5672
9043
6996
5389
452
9554
3796
7698
954
9483
9913
1664
2997
5106
3692
2433
4660
7777
9080
6
634
287
1515
5786
6604
2335
1479
2119
5883
8262
8688
3401
7939
6769
1365
7677
2930
2739
6392
3527
4071
9678
3925
8622
9567
7762
4847
528
4374
3992
4611
134
574
7320
1980
203
7094
2606
4687
4763
789
9404
3124
9295
1468
9524
9555
5576
7671
2269
4690
3116
2705
1695
758
9052
6689
2189
7014
3866
2068
5294
6048
208
2709
435
4006
8743
6057
1178
9595
3438
498
1721
6541
589
5693
6381
7852
5056
318
7188
3045
6875
3518
5511
8344
9047
3376
4607
961
7214
3934
5030
3593
7237
804
8954
2247
3465
4225
9251
2653
7903
1608
7772
3877
5940
6417
1631
8540
1296
3540
8077
6086
4932
414
3690
1200
5866
6728
6123
9602
2023
8006
2714
9470
8385
1647
483
4227
3719
5157
5879
213
2774
9277
9619
8702
6753
5681
3651
5281
4898
7734
4056
6933
7659
2669
5636
7138
1227
8550
168
9521
2124
897
6044
6776
1704
934
4207
1116
5236
7683
7949
6320
9920
58
584
6389
8959
277
8718
8582
6919
6073
8054
7236
3402
8716
4523
428
9520
625
388
9629
3610
6355
4329
7128
6950
1368
1557
2179
4000
908
4974
5510
3294
3290
1160
8352
853
1802
231
5867
2548
9488
2550
4835
9345
6125
5340
4578
1805
1598
9558
15
5589
4186
6693
6102
2822
1846
970
5529
8451
3416
6367
3216
2627
9118
4144
9892
4704
3447
1158
4889
4399
117
1828
3065
5137
3725
1053
164
5912
2716
622
8492
7198
3475
4560
2103
5286
7418
6816
4955
809
9505
457
7072
3322
2722
9929
7779
5644
7813
9301
2538
2067
7615
378
2165
9054
3188
5918
3410
8286
1696
6526
6199
4992
1677
293
5445
2906
2444
2881
2514
6873
4121
2491
9954
7818
9485
415
9335
3247
6501
5332
7696
6898
3558
9
3683
8813
5545
5285
3265
4556
3495
3496
3652
5537
3765
8290
9774
2044
2092
4474
229
7113
9506
8873
1819
4254
8145
1217
2979
5604
5090
363
3673
1567
2984
9427
5274
6546
9993
6246
9460
8041
2507
1321
8257
3614
5556
4224
8321
6356
2328
7350
6335
355
1333
867
5266
1440
1713
5962
4308
1476
8625
2701
3631
338
387
7930
9002
1029
9544
2193
3965
9392
2073
3186
6654
4568
5041
7726
1733
7746
4942
4076
5899
1755
6137
2308
3292
6725
6409
7996
3806
9968
7550
25
2455
5118
7877
3601
5687
1775
1070
6540
3166
8357
6691
2929
9248
9709
9115
3895
981
8714
8931
3028
9818
7858
9928
5754
3323
3770
5743
2129
5439
1984
4002
618
8543
1360
6886
3406
5965
179
4442
7826
1156
4163
4368
5063
1865
1189
7389
6529
1854
1988
5994
7472
3865
3015
6234
5785
5414
4586
3141
5254
5566
469
4179
4614
8148
6575
1581
703
4265
7892
1186
9952
8230
785
4870
4455
6422
6539
4357
9949
491
6242
4659
7247
3685
7926
6990
8651
8759
7803
2299
779
3125
101
8477
5724
9618
5336
5739
6506
175
2055
8879
5903
2434
3598
9750
5052
4978
5275
4397
3797
5717
2623
6436
4095
2689
9835
9025
7084
8546
8910
8877
4176
2983
7044
1878
8141
8105
4900
6749
3127
6811
9172
1535
6284
545
340
8399
5496
4990
5343
2142
8081
2164
6251
9417
4853
6858
5208
1015
1703
6375
4211
3483
1602
4019
9399
3774
1295
5363
5586
7479
4008
8427
4892
7680
1966
7658
1667
8219
6742
7266
6109
93
3563
3883
517
5473
3446
2187
9922
6035
9016
2813
679
9699
5588
8052
7033
6942
3508
6733
8024
2016
3478
3486
817
8184
3480
6623
7437
3334
7087
1936
6064
6353
7060
5010
8951
8423
78
7787
3157
1722
7353
6712
3398
4744
9110
6201
4776
592
1656
9682
2161
9030
7056
2070
4956
614
9431
4027
6002
5969
8249
426
1482
783
4348
9665
2289
4036
222
4130
5916
6519
2133
7513
1359
9767
5986
9841
845
3388
3005
4450
1006
431
5061
9257
5215
6708
5603
8908
4813
5328
4089
6577
3289
342
2046
6168
7895
3008
1352
698
5784
4635
9195
1506
1361
9888
6366
5782
9812
3308
1824
5326
1081
1848
2162
5769
4638
9772
9538
1866
2935
5528
494
3554
3177
3194
7581
7744
1635
4321
1601
5019
4436
4969
3933
1885
4566
794
3994
4352
5154
9176
6285
5491
4752
8987
4633
9755
5894
4882
4161
8028
6385
5366
1471
5741
6655
4419
819
300
9721
7263
4564
2536
2351
2266
376
7525
112
5917
926
8612
1660
9871
2222
586
3076
7244
9320
2730
6616
2613
6154
2573
3887
6148
6232
4631
2938
9094
2932
9738
7543
2360
5666
1199
3879
9700
2868
562
3329
3152
9644
6780
2699
9348
9826
8122
8491
5656
6774
8025
4817
289
2108
7929
9553
2914
7861
8268
8032
7846
1430
3006
6317
4041
5896
6473
8102
4407
9796
1216
3880
3522
2321
3403
3266
8979
1481
8945
7829
1945
2721
9900
3004
9293
3468
8445
9350
6699
3176
8149
1298
1676
8194
6615
4275
2558
7193
2636
3134
1963
6033
6794
4973
9441
7079
6147
1512
4571
3952
5317
4248
3882
3113
4297
5059
2845
6346
521
236
411
404
9282
8109
3873
8291
8774
2387
5594
2155
4282
1374
5440
5558
7438
2788
1930
5557
8069
4981
6982
7622
3917
8438
4938
2812
6485
1327
4741
7207
3640
7099
4197
8586
9183
6074
9950
7785
5057
615
7654
6815
8449
7799
5109
2292
7878
7950
4087
9232
5640
8539
8516
5728
5284
8503
1037
8682
1376
1621
6853
458
2045
4339
9947
7574
1196
885
2515
2989
11
2370
3830
5702
7429
8839
5803
8431
5379
2204
6151
3981
6515
4489
1180
5310
2182
6331
6420
3627
1650
372
9720
2998
1887
4449
3281
1646
8288
9368
7527
9077
8012
4703
5902
1814
8790
8531
1456
9860
7599
7856
7774
2446
8963
190
1126
57
1505
4241
624
4769
2374
170
6622
4548
2216
9067
398
5817
5155
1707
3947
5642
8729
7549
6609
2168
3636
1411
7515
557
5788
830
3435
4318
6764
3929
6756
311
1890
6244
4048
8279
4291
7235
2114
9899
6861
9385
2837
6567
1685
2464
7667
2742
5198
3024
3998
951
4524
7721
55
9975
3293
6162
2957
4994
1725
4266
8861
1998
715
412
8500
3098
5375
2915
1772
9758
3070
802
3756
554
5498
43
9402
6120
8433
7327
8648
1845
2747
3869
3078
5595
4628
4117
2859
1952
8013
4375
8334
279
123
9537
6779
3573
1304
2482
8786
8681
9480
2910
6601
777
8653
874
45
9937
9889
2783
4988
2020
4354
3523
2911
4559
6941
4306
8330
4137
1894
842
7483
2776
571
3552
8437
2563
1285
2431
6517
8190
8659
6384
2170
2356
836
8300
2454
449
8356
5159
2
9406
705
6321
4067
255
1809
5422
1915
7729
5974
4396
1233
3679
9986
2973
2976
7010
5283
1241
4881
88
9202
2956
8192
47
8676
7805
6713
5312
7884
8461
7809
4025
5872
1644
4732
900
5452
2664
9736
285
4293
2893
7231
7786
736
2763
8120
2325
7294
8324
3590
268
178
9587
4740
1364
1538
3443
7741
6231
4388
2646
3968
1043
1013
4246
188
7036
6596
3159
4886
8661
4353
9338
7253
1575
5748
1847
1011
4283
192
6350
5081
1587
7374
99
4481
4780
7202
5555
478
7102
4532
3002
4299
4582
6871
7681
7688
5017
899
6139
1528
5979
4337
9725
974
8315
1568
4944
2820
4386
1632
4983
9106
468
8494
4891
8859
6892
3213
9221
7631
9716
9056
2703
8687
2447
7103
3395
8292
8621
1253
9851
8855
6820
2109
9007
8376
7325
2237
2612
7279
5242
757
6661
9260
2106
1531
1337
2030
2273
4821
3760
7888
4906
4773
1875
8981
4237
1529
9498
8600
1771
6182
4160
1709
8693
131
570
4212
2570
4462
2468
7085
5029
6602
8186
1261
6371
9927
4794
1172
2442
6032
5203
9447
6559
6091
2156
256
8406
6191
7918
1107
7142
4081
9161
4236
7843
12
1242
6842
7181
1102
9982
6937
7424
5522
6503
9881
497
1917
9116
5457
2838
6593
1487
1841
613
1442
3840
4587
7958
9243
1033
4643
4893
4553
8532
5625
6141
9694
7363
9706
3871
1060
2368
1954
4824
5481
2592
519
5464
8386
53
2485
3118
3825
6983
5759
4039
4101
2633
6826
1197
7662
4093
674
4812
6153
948
6552
1370
3891
2121
4904
9991
259
6834
8313
180
4422
5245
8401
4642
2349
9216
1559
8071
5913
1662
8917
4957
4599
1315
1339
879
9370
8567
1977
627
6969
5136
2960
8498
4235
2779
4311
9983
551
2923
5412
2649
1007
844
3960
315
9496
8364
1513
5068
5516
7116
7718
6213
5995
5619
3226
105
7335
8750
5905
8918
2404
915
9914
1699
5659
9617
467
3368
9685
4429
4136
8447
6011
2916
821
2311
2718
7559
2149
3305
5164
5581
5416
4927
7494
3237
5526
4814
8211
5289
4322
7832
607
569
3391
7316
8473
9415
8084
9438
4092
4691
8222
2815
9659
2395
3975
3680
7790
2638
1292
8351
8392
1844
8674
6253
4065
5966
3133
3412
8070
4872
6955
2728
3029
5638
275
8885
8132
7339
8522
4287
7130
6916
1514
4430
9182
9507
6108
2214
4823
4391
146
6138
708
3203
7940
274
1938
7219
9597
4201
8809
5733
1965
391
1905
6758
6700
140
9689
4428
2484
8613
237
2816
9511
7289
8780
4597
3146
5044
2890
6319
7375
4395
6464
3562
7336
2737
8640
2640
7405
2408
7312
5241
4624
4228
8078
5331
9173
3399
6110
4787
4968
6891
4534
1566
462
2031
6287
4831
2483
306
9802
8614
4735
671
5623
9165
509
6849
3189
5151
1884
3408
3584
5824
5000
7459
2024
858
3695
1750
5413
8162
7125
2347
5850
1002
3568
1354
2583
7711
5026
4841
2863
4463
9442
1555
2180
9188
2554
997
4666
1401
8234
5348
7812
8486
3057
70
9192
5035
4461
6432
4816
825
1041
4580
4229
8098
8784
4004
5062
7067
4099
1047
7614
952
7699
5500
4858
1125
2242
6882
476
7230
8416
1313
5022
1851
2534
2028
2115
1069
3088
2172
5704
9035
1594
6386
2942
2566
7011
7347
5126
5271
5141
8169
729
3524
5006
2725
3085
1970
1012
7038
7238
9745
5593
3264
2802
1552
8835
5239
5306
5635
8412
6340
6682
661
603
4288
689
3510
5792
994
1765
5978
3356
7179
1330
2312
7160
4538
9874
8121
4976
3977
3515
6735
9869
2818
8180
7847
8643
6863
9049
9463
5352
5042
699
719
1826
1736
5833
278
2885
9765
8411
7703
8133
6467
2450
2221
6528
9780
5999
9744
599
5919
1153
5246
7352
3911
73
3815
4274
1307
1833
6960
5669
3093
4116
4790
9139
4767
8817
5955
3236
1443
5077
9728
5262
2770
3158
3187
8168
6667
1782
2993
9669
9623
7728
3021
3479
3351
114
207
451
2315
4759
7538
3750
8573
27
5485
3727
227
4819
3221
4865
3171
4181
8115
4520
2075
2362
8984
2781
4358
1605
7180
7637
6429
9220
7420
3462
5461
6474
7745
9589
1188
3735
4387
4044
9742
9193
7567
3026
1050
7715
1316
1237
9224
7948
9396
4702
1544
5251
7673
5465
4585
8456
6254
5001
9549
6553
3244
7725
1369
4544
9270
333
5758
5676
2096
6019
8368
4199
8008
4760
8698
1222
3149
8575
944
493
2758
2749
3212
8715
2301
7189
2659
3660
6757
2546
1226
5608
878
8287
631
4193
7890
3940
3400
5298
5810
7933
305
98
6038
7015
8867
7823
4475
9801
8465
1517
2305
7616
4016
4012
5887
5045
2082
8730
8538
529
7464
7277
7283
6766
2590
2687
6304
3723
3720
6338
5818
6669
1741
2621
8840
5499
8566
3809
4035
3671
1269
7120
6128
7100
1462
6262
6301
9104
4302
4174
8793
5945
7242
7322
731
1082
7791
7841
4539
3555
7880
3821
964
6313
6744
9965
5084
111
2492
4679
4177
5345
3182
9907
4648
8570
4392
5808
5073
6036
8970
5773
6740
1312
2280
9797
9525
280
9836
345
623
1570
6006
5554
8047
2775
4267
7689
7534
6647
2809
5098
3473
4416
7490
6236
5958
3521
4123
6247
5855
1080
7808
7400
4646
9070
7421
2949
6897
4108
5870
5243
4196
5230
9133
6686
8099
5620
3591
5708
3437
3897
7983
8635
4783
7155
8374
9240
3953
6396
4355
7796
1343
2459
2511
3531
1957
3332
4187
3445
2392
3605
5194
5617
1308
8182
1694
770
3512
6883
2556
700
9817
8294
4920
1813
5567
996
5430
269
7569
9271
7328
7270
1871
9754
6696
3588
800
1185
1658
3676
9979
2665
6908
2499
9539
3792
9196
3202
813
766
2765
5661
6402
1254
2585
346
5776
7016
3626
4742
8010
4516
8172
1500
9730
2834
7521
1236
4350
2198
5053
2607
8372
4330
7161
5309
4674
2667
3776
6683
4850
9148
4305
5512
2952
2668
7798
3239
4873
3697
8159
930
4925
6395
4433
3390
8128
9060
6887
1113
6066
42
9163
2186
1919
6069
2427
7669
3494
9921
6462
650
1903
2260
5197
1769
8302
271
6099
7372
9959
4926
1849
4718
8467
7912
1214
8074
3139
2051
8599
283
3635
7497
889
8114
8478
8213
7030
128
3704
2127
6098
7110
5731
7475
3411
8876
1717
6790
5038
8679
2365
3082
9820
8737
6966
3252
7344
6428
1478
2732
657
7360
3803
3364
5650
1008
4185
95
2475
2334
9670
8195
4242
3144
6542
9229
6835
892
326
7739
6433
2508
8380
5747
5935
753
8124
8854
2903
1541
5920
5677
456
9389
660
9062
8135
4563
5518
4082
8834
5318
1686
5200
8578
9210
3463
9497
3589
3229
9883
6499
5906
7304
5742
8394
9006
8146
7504
9850
1489
3700
9703
6594
5181
7519
730
6671
3104
7334
8377
8526
7833
8396
1133
2571
4408
5438
6536
2100
5319
4846
1065
9598
5426
7050
6900
1239
7628
4420
7868
9215
2683
2039
8637
7551
697
6535
3681
5405
8525
6368
6167
6458
9759
5217
6995
6989
6914
7493
8821
1710
7284
3831
5591
9310
9078
8436
3302
3217
1048
8936
9065
7362
7183
7364
4154
1404
5683
2991
9269
3303
8127
7873
9963
6142
323
5470
8388
2380
3539
5532
400
2658
7049
4558
857
9433
8371
9770
4726
8235
8108
5005
427
7141
1424
1649
9238
6039
3062
5394
6977
2042
6156
3001
8509
2672
185
1906
7452
8397
2682
3881
1437
3769
8454
1603
8555
7057
8985
2460
9141
9938
5334
3913
6985
1932
5624
3724
1732
5585
8018
7876
2378
4113
5225
9209
2424
4424
7070
9585
8636
5849
9764
5996
8707
3970
1051
7575
9386
3383
3526
6430
8593
1857
5721
5425
3656
1049
1346
5875
7586
633
5827
7639
7184
1593
442
8274
5873
3174
3759
6178
3316
9384
6800
6935
9829
1519
9022
393
638
8116
6382
2584
9307
9887
2171
3208
2513
348
5442
6487
8323
7221
8925
6352
6823
2050
6768
382
5214
1028
691
2013
1723
9314
5680
1837
6574
5961
5652
245
596
2037
3063
7055
2410
3321
2206
2826
4834
6009
2655
8684
763
4009
1971
1063
5901
9375
408
2008
2652
8414
7997
4370
5195
5133
5831
3279
201
8914
9440
5964
248
7123
2375
835
9833
4031
2270
8403
2441
1975
9090
4332
3220
9414
5089
8732
9382
4447
9753
18
3482
3912
1994
9126
2007
5710
5848
9606
4820
4894
7674
8697
3956
5697
711
5428
1230
7054
488
5138
7695
2343
3276
3964
4069
6243
2101
3414
9459
1191
5253
1099
3514
522
8354
2294
9637
5954
9679
302
9096
2217
241
4554
5520
6205
9872
4719
2625
7397
1946
92
61
5651
2745
2027
7338
7530
397
9570
637
2586
9477
4188
5816
9302
4639
837
2671
6084
2223
5501
9531
2196
8353
2396
459
976
4839
4940
938
4096
8826
5260
2409
4393
6241
6267
3980
1822
1238
8203
7943
2154
1761
1016
3049
840
307
7262
2622
5798
6827
3190
3
5670
7083
501
6211
8692
485
424
2532
6013
8314
5648
4606
3788
8508
9452
9652
3722
6158
7964
5780
9584
6230
2062
3064
8051
4150
2466
1427
1228
5039
9603
5276
5777
3042
2122
2751
1003
2650
4439
4458
6734
2996
6388
1757
6788
3914
1165
8137
141
4712
6286
9444
3691
2318
2474
4052
2944
7427
6864
5843
1530
5709
1509
3163
472
5182
4119
1806
7922
4315
6979
1600
1062
5419
1490
6300
1764
2593
5011
4106
7007
7031
8210
7351
2137
7114
1972
7978
5244
8481
5934
8001
1445
7037
1061
8940
8587
410
6200
8756
5937
580
2012
1958
7107
2151
1643
7819
8913
4903
2580
5523
9792
7555
6538
2006
5046
7346
7074
6765
1623
3183
7261
7630
5781
7156
9476
5852
9714
3730
6149
3059
5393
2113
6488
264
9563
9751
4230
3359
9486
7693
9533
1303
260
7440
4684
1306
950
8044
4677
9292
9789
7553
576
3232
8076
8177
4470
3233
6522
5673
3772
8183
5184
1249
681
1740
7957
2823
3498
126
3585
223
8216
9746
6273
5751
1800
6135
1076
4683
1935
7309
9717
2990
846
1670
399
9657
2208
3071
9578
1940
9970
672
9434
6741
6312
3894
6171
1486
6475
6633
474
8520
7592
5698
8657
2835
7547
2531
9586
4681
4629
4086
3899
2252
2320
1574
7348
1095
1548
8983
2390
4320
6584
7867
1420
7910
3919
6160
230
3921
3228
2635
4389
5299
1005
1058
4827
3592
7670
9978
2525
2072
4943
3834
1742
5521
8383
6441
7946
9815
9284
773
4147
4496
7337
7467
253
8157
7291
8841
4854
9967
1252
9051
4467
1715
5004
8064
3135
4217
5169
1728
5856
1419
5738
578
3729
9023
7524
678
6537
6943
5568
9061
7162
4897
6308
9853
5665
5613
1689
3988
4078
1017
2855
1349
593
2735
1731
1896
5392
8911
4381
7257
2599
882
2691
3181
7648
3862
6812
8769
6965
3457
7886
798
2298
9798
4011
1942
7201
513
6767
1184
4671
7601
3744
6610
6404
2049
284
4437
693
4498
8607
9484
3939
3551
5609
3164
249
1720
2662
4999
1616
5621
2985
4910
273
3755
7260
8265
8971
1166
1122
7295
3896
8039
4574
5891
4708
8207
7009
3900
5032
8242
8238
533
4656
3924
865
7815
2372
1992
6179
9605
553
566
7276
2953
7552
5517
2383
5256
4040
6631
2685
2215
4512
150
3629
219
7034
3379
3663
5597
6523
3107
4340
7153
4747
8393
5959
7754
8902
1148
2034
8975
9422
9135
9075
3828
5410
7082
5956
611
9443
8295
4
1215
3595
8250
3255
1815
7576
4440
2414
5694
8819
5618
4590
1322
4107
7330
3167
6866
9722
298
3271
7220
1094
1547
228
6349
2643
1139
4695
4351
9611
7985
956
2212
5358
6896
7004
1353
5859
9791
7540
6227
3105
74
1467
1526
6974
7185
9776
5637
3637
4678
8266
7874
9854
490
1610
4269
3092
4151
9824
216
2506
396
7692
869
1910
864
6291
4637
3959
8174
891
5716
9565
5341
5671
710
7992
720
5167
8095
4775
4766
8946
9822
2307
3207
5252
9995
8443
3721
1187
658
8455
6837
7700
6678
4757
147
1743
1711
5767
8675
5238
6180
1829
1141
8557
2025
4862
937
4060
2473
6701
5188
4686
514
2954
3842
598
8336
2597
2814
297
2539
5315
9206
7456
6998
8701
6968
8581
6560
2097
9009
2327
3537
9138
2277
2065
3476
2253
685
5614
6775
2303
6328
5122
9625
7562
3464
1527
1338
2059
4998
4570
7245
534
2285
9964
204
9098
4936
5884
7039
7990
5809
6692
2675
8301
8905
7365
5509
8671
3066
7749
5259
9339
9332
8866
5420
2021
316
2118
5390
6208
6809
4409
1425
8812
2275
7008
4055
304
9261
6657
3502
9474
2304
349
5125
5951
8962
9734
1899
5130
1380
1549
8488
8630
4693
8390
2364
8327
9089
5322
6034
1766
1320
1586
684
3198
6972
7657
5877
8513
3694
9534
7621
3569
5946
1873
8466
251
1164
1817
4164
6166
1381
9409
9420
605
7610
3702
5564
6017
7105
963
210
438
329
5535
2235
5210
1491
1534
1100
8862
2201
169
5484
1626
7675
5027
54
3209
5101
3372
6042
8603
3386
7402
3431
7498
771
3310
9649
6129
9147
3309
4363
327
3430
7234
2840
6104
894
116
3094
4622
7932
7378
5472
4600
7632
2331
920
3836
523
3493
7006
8299
1340
5944
239